44894345
41861101
13402458
93693062
94422629
26220512
71876191
60481378
81234945
82232322
40186017
43208395
54623120
68072271
63726830
68806881
97657830
18222912
76110236
33039483
33520183
89702447
70478666
17766215
93107319
59586474
89309181
10479411
87038867
84337591
74677735
83392901
25355867
16125511
93832544
44035483
98221859
04594209
62241025
72926811
63312665
50925706
79937741
05655983
54119787
13315917
19256569
11478261
26563850
33242017
95739124
35091568
75597260
70679980
70998439
15520934
13554001
18158833
20033050
54599486
28841644
11004850
41900342
96244845
39088691
25161918
73625720
13494276
49493400
62979121
35378627
85824402
78260134
31953875
80303057
48639634
17212692
63555991
65660348
88444089
67302079
52433528
48193214
00688709
05606277
35291531
05136026
49707648
94721762
97746503
75108402
80678754
01495974
74623748
82637545
46492429
47969016
07868690
48930385
45060727
01732149
95196397
29715024
97999392
08207047
43475580
70968017
02781751
30200703
60872478
21638335
86637297
30690147
29549377
59633490
50391690
74480851
27546681
78845286
16358446
35234341
86923570
76433159
24286531
21992354
51915033
76000381
35885891
46640411
58322466
69254314
38584431
21624354
44378812
38900752
40113585
17884091
13866731
95389194
24898639
87461222
25344396
09209706
40438089
36449114
19422400
60052981
26896901
34725786
32339463
32533243
30248413
72059479
53815117
66214583
62842291
57545604
31847717
86290321
35042176
12073373
14062222
63178092
46031941
51855331
28571680
77199492
44426742
96237955
21237231
90031279
80005437
48947537
88356631
32156240
56677485
89215383
74807823
26506065
07281840
37753954
27492431
92467751
47906823
82229143
60521259
62819886
11326559
22222571
47968409
43597741
42525730
69903171
85112425
35425043
93992415
59249999
81853781
41268679
59236094
12487418
74829647
07097890
42796004
44595903
83447525
11747225
28871459
27464938
43489915
78446424
88738450
91431090
96545394
03662211
17271702
60651595
60585514
67058937
42259952
20630434
60877947
97870922
44977283
31839642
12554559
88335358
44911909
61910749
99539611
44874008
50051740
59587093
01588114
60699222
26652372
85231988
69046369
03096655
69450416
74701943
24530118
92244475
64813363
15453752
03889197
19739667
64097546
58335819
47544958
94225866
38244156
08170457
28807970
33934792
28470346
51614710
41200875
39406623
85498726
04049848
66369070
98197167
24635746
55827829
83721113
09694570
68669220
00707460
80724060
05163129
77184688
57073510
97752519
82083675
75909184
56707744
30506875
07160521
95154697
45976568
89824099
66574802
88226477
35504522
26508982
24634988
29648521
22133892
42680521
81687204
36844084
43554851
62704805
32574023
65574354
24615891
19614321
48352956
72731902
81060639
72010849
38656918
13783957
50024919
63959312
08337303
95361625
26114952
40045232
28934820
01025051
88017149
81273696
07761678
62760130
36145589
13930415
91655885
95153003
35121584
13323139
01048669
81969483
97941338
65006259
31224467
17348655
35423020
40663431
79322624
77530589
39649416
49504677
20014872
78732366
71398405
64558970
96560365
79305325
95399904
26984270
81749405
43907490
23733944
73231848
71765778
70707573
04397343
33536484
97048562
72165312
74762314
94597353
99364149
46683998
88804124
47096432
84184982
06254144
87570541
12882917
66544978
40747259
32153543
92852810
23124920
32607163
78053069
96115458
07255441
03547318
72218026
49923962
77435880
90998324
99813166
81790466
12284532
06214148
57967967
87748820
73085858
16664161
73803817
63217819
54578065
68108712
63263303
56913926
77860978
81396612
52422254
66502674
75306473
80529269
05462180
25747128
81191358
36771107
06055664
69301653
12590119
06321663
43519996
58655938
17903408
47636001
10380096
27691961
35018015
45878942
59114227
31317705
98079314
63157502
35252826
64434599
72535569
15741067
68526586
67268832
43385828
64776524
89653671
52423098
06889563
93189528
35128750
30371342
74317429
96959391
63146719
31777555
54643133
98860900
45464904
58282861
13682423
04000088
66686871
22840581
90895303
07761180
37608539
90398854
54812042
22147298
59008058
27214081
45082001
13220554
78241010
54183133
39870595
89462778
37773321
37928733
12284626
10629797
70072864
65997094
73111678
22880360
78686870
51086177
42953520
30269182
22053585
52368351
83871793
36656812
15051131
22110205
91981431
63550575
03131951
21261553
47718252
24133921
40400298
61556888
02658508
43010829
29970949
56865984
79184050
60612296
94654064
72260051
57264662
83753400
28040659
55330353
00060490
08617636
82429397
97630593
68745834
54099564
46247544
65323742
01041172
78455153
98349631
34018113
51994089
26460666
71261392
46971098
35790198
29171199
33441243
51936760
81107267
51193730
46713771
12459333
53427263
83065423
08679910
16526596
65234454
71276099
08185635
93403125
16482700
86333157
80183770
02511605
12873795
21557460
57320663
14466690
92518233
93455307
96585932
55276759
76320820
13596475
74509514
34830323
32330216
33625764
56371387
45715640
70374979
25360084
23404861
77549716
53644863
06364903
46210428
38403908
36651476
56631847
40268126
14769048
44895378
69963077
82924814
29976368
23094642
72954099
48558662
38345028
26526315
80914969
30935443
76193707
65763034
72848741
93269195
58031724
87565328
31190601
69161549
96796764
13477188
73871730
38376249
33491168
54837398
84294593
73014344
00632897
58064325
22645773
50503921
60103093
48953277
55089699
88645262
44615859
73419037
00761449
22584129
55416936
45639364
10276839
44934738
06404922
30270358
47194387
56792600
73814054
47470847
15623374
53770098
24954510
61600709
53066511
94987522
48596017
71773427
41020911
97847349
77018283
57621830
75027639
44401748
04715013
28217245
33648668
44376429
00795384
33095482
66847478
14063097
74050055
14785114
28480627
04910724
17728519
51213224
28165369
00538943
83790393
68925133
20756013
97545153
55112080
16650932
43292778
54579149
45230423
00511008
69004166
84453250
38771344
21720791
34060356
00284683
66408413
21719067
56371426
72269111
10143812
23931930
62739809
39897463
69644494
58703318
05565622
73999503
10372981
35269953
78368204
88245206
60380753
02997464
58410747
14371772
68180660
96178700
65667336
37617315
41667696
79873577
71295340
05336894
80344633
90126040
40658482
60378941
42677213
71914645
97966053
11570538
73248626
10580840
98282033
75319473
32355638
43078814
00924236
17333027
42875581
02371108
23102200
37158072
15387306
78891471
22474392
29244923
41401696
79418311
80886373
21585262
10095520
12364963
27883148
30037166
57868828
15943132
84654231
01176478
40679263
45936701
66406787
64655278
43521689
38476505
65662950
92968193
97381333
81853659
16141862
31859809
07660060
22447515
59616901
92347789
30043169
02109870
55558412
60828569
76711371
34418799
13254933
85403212
18646647
52708608
04498710
26302450
72175920
00515713
66586979
17518054
03510724
59270174
90122960
56707821
63746561
71258154
99505468
80703208
29032486
77947230
25790340
18694818
39680190
72092268
47877659
21146978
79270553
00293498
81294419
02637137
25047331
25885051
48071460
63308427
79235624
58927482
95639608
65924290
56963154
41243643
91482552
32116092
58242239
84225933
77248098
79067113
63061404
88025374
26170743
60534187
00793463
81712137
60495394
64487916
45587475
09335070
46311326
06474720
85964563
80554016
85423890
10076915
66707897
81481652
11075737
61372875
35051159
50169819
46342630
49370877
59558065
67345161
75183613
32282282
20366502
19810717
35877884
31412316
28860085
18914018
06231448
86027485
01379202
52575764
98935153
89076363
05672370
04488215
73143069
27557946
77442416
10511330
74040624
02108313
70794409
44535901
60362095
17637678
79515036
65145707
42923129
23002114
12081093
19024213
02582838
07260009
70075811
41625764
16398249
47202064
28298314
50815153
86190909
74533585
66864432
53559008
14156896
71458605
43872909
82715169
53523030
21990722
77790718
96593467
74723869
85099867
79987808
12816550
19012300
42650184
00737174
39786778
84159629
59202485
28755245
25300190
25336971
99946879
71869001
14240002
06027880
62178565
95802600
92757023
27914195
86942171
44860416
97108546
77183229
87401338
85894287
26119692
14028205
90299078
96651577
44800091
31947781
89445906
88080759
30233802
87978323
65772558
25822079
64253994
87178316
49551891
20253537
26311591
75628506
96623712
37347376
02664257
18405134
90858174
23529795
87867721
06488562
56042049
82674099
92742170
17968980
49721177
64091692
76333555
94792177
47116948
19173553
97899339
88344847
51174835
28204217
41366349
96692086
67763688
88228945
91723775
92455272
88442114
03914228
97337859
99392084
46939588
87186148
56419130
84847259
77564361
31569360
19985986
70793234
96013527
97086088
96304022
91648367
64127678
57416877
06648449
54136245
37289277
34113248
08891622
83041345
10946541
64133147
38548543
61812715
04313621
28657619
27639381
56019567
25376016
75046179
53853827
28918676
40074466
69382205
00242229
56599146
23759881
18372544
85288966
73467607
21842311
09183566
09230900
80999791
50362695
14971221
67355143
09250634
84587211
84650927
56368979
69856773
71215891
71237336
15655238
88549380
67236170
62287310
15100601
01760764
